cycle:1	96	ADDI	R4, R0, #208

registers:
r00:	0	0	0	0	208	0	0	0	
r08:	0	0	0	0	0	0	0	0	
r16:	0	0	0	0	0	0	0	0	
r24:	0	0	0	0	0	0	0	0	

data:
212:	-1	-1	-1	-1	-1	-1	-1	-1
====================
cycle:2	100	ADDI	R0, R0, #10

registers:
r00:	10	0	0	0	208	0	0	0	
r08:	0	0	0	0	0	0	0	0	
r16:	0	0	0	0	0	0	0	0	
r24:	0	0	0	0	0	0	0	0	

data:
212:	-1	-1	-1	-1	-1	-1	-1	-1
====================
cycle:3	104	ADDI	R2, R0, #1

registers:
r00:	10	0	11	0	208	0	0	0	
r08:	0	0	0	0	0	0	0	0	
r16:	0	0	0	0	0	0	0	0	
r24:	0	0	0	0	0	0	0	0	

data:
212:	-1	-1	-1	-1	-1	-1	-1	-1
====================
cycle:4	108	STUR	R2, [R4, #1]

registers:
r00:	10	0	11	0	208	0	0	0	
r08:	0	0	0	0	0	0	0	0	
r16:	0	0	0	0	0	0	0	0	
r24:	0	0	0	0	0	0	0	0	

data:
212:	11	-1	-1	-1	-1	-1	-1	-1
====================
cycle:5	112	ADD	R1, R1, R0

registers:
r00:	10	10	11	0	208	0	0	0	
r08:	0	0	0	0	0	0	0	0	
r16:	0	0	0	0	0	0	0	0	
r24:	0	0	0	0	0	0	0	0	

data:
212:	11	-1	-1	-1	-1	-1	-1	-1
====================
cycle:6	116	ADD	R2, R1, R0

registers:
r00:	10	10	20	0	208	0	0	0	
r08:	0	0	0	0	0	0	0	0	
r16:	0	0	0	0	0	0	0	0	
r24:	0	0	0	0	0	0	0	0	

data:
212:	11	-1	-1	-1	-1	-1	-1	-1
====================
cycle:7	120	LDUR	R1, [R4, #1]

registers:
r00:	10	11	20	0	208	0	0	0	
r08:	0	0	0	0	0	0	0	0	
r16:	0	0	0	0	0	0	0	0	
r24:	0	0	0	0	0	0	0	0	

data:
212:	11	-1	-1	-1	-1	-1	-1	-1
====================
cycle:8	124	AND	R2, R1, R2

registers:
r00:	10	11	0	0	208	0	0	0	
r08:	0	0	0	0	0	0	0	0	
r16:	0	0	0	0	0	0	0	0	
r24:	0	0	0	0	0	0	0	0	

data:
212:	11	-1	-1	-1	-1	-1	-1	-1
====================
cycle:9	128	CBZ	R2, #17

registers:
r00:	10	11	0	0	208	0	0	0	
r08:	0	0	0	0	0	0	0	0	
r16:	0	0	0	0	0	0	0	0	
r24:	0	0	0	0	0	0	0	0	

data:
212:	11	-1	-1	-1	-1	-1	-1	-1
====================
cycle:10	196	ADDI	R2, R2, #1

registers:
r00:	10	11	1	0	208	0	0	0	
r08:	0	0	0	0	0	0	0	0	
r16:	0	0	0	0	0	0	0	0	
r24:	0	0	0	0	0	0	0	0	

data:
212:	11	-1	-1	-1	-1	-1	-1	-1
====================
cycle:11	200	B	#-18

registers:
r00:	10	11	1	0	208	0	0	0	
r08:	0	0	0	0	0	0	0	0	
r16:	0	0	0	0	0	0	0	0	
r24:	0	0	0	0	0	0	0	0	

data:
212:	11	-1	-1	-1	-1	-1	-1	-1
====================
cycle:12	128	CBZ	R2, #17

registers:
r00:	10	11	1	0	208	0	0	0	
r08:	0	0	0	0	0	0	0	0	
r16:	0	0	0	0	0	0	0	0	
r24:	0	0	0	0	0	0	0	0	

data:
212:	11	-1	-1	-1	-1	-1	-1	-1
====================
cycle:13	132	ADDI	R0, R0, #5

registers:
r00:	15	11	1	0	208	0	0	0	
r08:	0	0	0	0	0	0	0	0	
r16:	0	0	0	0	0	0	0	0	
r24:	0	0	0	0	0	0	0	0	

data:
212:	11	-1	-1	-1	-1	-1	-1	-1
====================
cycle:14	136	SUBI	R0, R0, #5

registers:
r00:	10	11	1	0	208	0	0	0	
r08:	0	0	0	0	0	0	0	0	
r16:	0	0	0	0	0	0	0	0	
r24:	0	0	0	0	0	0	0	0	

data:
212:	11	-1	-1	-1	-1	-1	-1	-1
====================
cycle:15	140	ADDI	R0, R0, #5

registers:
r00:	15	11	1	0	208	0	0	0	
r08:	0	0	0	0	0	0	0	0	
r16:	0	0	0	0	0	0	0	0	
r24:	0	0	0	0	0	0	0	0	

data:
212:	11	-1	-1	-1	-1	-1	-1	-1
====================
cycle:16	144	SUB	R3, R1, R2

registers:
r00:	15	11	1	10	208	0	0	0	
r08:	0	0	0	0	0	0	0	0	
r16:	0	0	0	0	0	0	0	0	
r24:	0	0	0	0	0	0	0	0	

data:
212:	11	-1	-1	-1	-1	-1	-1	-1
====================
cycle:17	148	ORR	R3, R1, R2

registers:
r00:	15	11	1	11	208	0	0	0	
r08:	0	0	0	0	0	0	0	0	
r16:	0	0	0	0	0	0	0	0	
r24:	0	0	0	0	0	0	0	0	

data:
212:	11	-1	-1	-1	-1	-1	-1	-1
====================
cycle:18	152	ASR	R12, R1, #1

registers:
r00:	15	11	1	11	208	0	0	0	
r08:	0	0	0	0	5	0	0	0	
r16:	0	0	0	0	0	0	0	0	
r24:	0	0	0	0	0	0	0	0	

data:
212:	11	-1	-1	-1	-1	-1	-1	-1
====================
cycle:19	156	LSR	R12, R1, #1

registers:
r00:	15	11	1	11	208	0	0	0	
r08:	0	0	0	0	5	0	0	0	
r16:	0	0	0	0	0	0	0	0	
r24:	0	0	0	0	0	0	0	0	

data:
212:	11	-1	-1	-1	-1	-1	-1	-1
====================
cycle:20	160	SUBI	R8, R8, #400

registers:
r00:	15	11	1	11	208	0	0	0	
r08:	-400	0	0	0	5	0	0	0	
r16:	0	0	0	0	0	0	0	0	
r24:	0	0	0	0	0	0	0	0	

data:
212:	11	-1	-1	-1	-1	-1	-1	-1
====================
cycle:21	164	ADDI	R0, R0, #5

registers:
r00:	20	11	1	11	208	0	0	0	
r08:	-400	0	0	0	5	0	0	0	
r16:	0	0	0	0	0	0	0	0	
r24:	0	0	0	0	0	0	0	0	

data:
212:	11	-1	-1	-1	-1	-1	-1	-1
====================
cycle:22	168	SUB	R3, R3, R1

registers:
r00:	20	11	1	0	208	0	0	0	
r08:	-400	0	0	0	5	0	0	0	
r16:	0	0	0	0	0	0	0	0	
r24:	0	0	0	0	0	0	0	0	

data:
212:	11	-1	-1	-1	-1	-1	-1	-1
====================
cycle:23	172	ORR	R5, R5, R3

registers:
r00:	20	11	1	0	208	0	0	0	
r08:	-400	0	0	0	5	0	0	0	
r16:	0	0	0	0	0	0	0	0	
r24:	0	0	0	0	0	0	0	0	

data:
212:	11	-1	-1	-1	-1	-1	-1	-1
====================
cycle:24	176	ASR	R7, R7, #1

registers:
r00:	20	11	1	0	208	0	0	0	
r08:	-400	0	0	0	5	0	0	0	
r16:	0	0	0	0	0	0	0	0	
r24:	0	0	0	0	0	0	0	0	

data:
212:	11	-1	-1	-1	-1	-1	-1	-1
====================
cycle:25	180	LSR	R8, R8, #1

registers:
r00:	20	11	1	0	208	0	0	0	
r08:	2147483448	0	0	0	5	0	0	0	
r16:	0	0	0	0	0	0	0	0	
r24:	0	0	0	0	0	0	0	0	

data:
212:	11	-1	-1	-1	-1	-1	-1	-1
====================
cycle:26	184	EOR	R16, R1, R0

registers:
r00:	20	11	1	0	208	0	0	0	
r08:	2147483448	0	0	0	5	0	0	0	
r16:	31	0	0	0	0	0	0	0	
r24:	0	0	0	0	0	0	0	0	

data:
212:	11	-1	-1	-1	-1	-1	-1	-1
====================
cycle:27	188	LSL	R16, R2, #1

registers:
r00:	20	11	1	0	208	0	0	0	
r08:	2147483448	0	0	0	5	0	0	0	
r16:	2	0	0	0	0	0	0	0	
r24:	0	0	0	0	0	0	0	0	

data:
212:	11	-1	-1	-1	-1	-1	-1	-1
====================
cycle:28	192	B	#3

registers:
r00:	20	11	1	0	208	0	0	0	
r08:	2147483448	0	0	0	5	0	0	0	
r16:	2	0	0	0	0	0	0	0	
r24:	0	0	0	0	0	0	0	0	

data:
212:	11	-1	-1	-1	-1	-1	-1	-1
====================
cycle:29	204	ADD	R1, R1, R2

registers:
r00:	20	12	1	0	208	0	0	0	
r08:	2147483448	0	0	0	5	0	0	0	
r16:	2	0	0	0	0	0	0	0	
r24:	0	0	0	0	0	0	0	0	

data:
212:	11	-1	-1	-1	-1	-1	-1	-1
====================
cycle:30	208 BREAK

registers:
r00:	20	12	1	0	208	0	0	0	
r08:	2147483448	0	0	0	5	0	0	0	
r16:	2	0	0	0	0	0	0	0	
r24:	0	0	0	0	0	0	0	0	

data:
212:	11	-1	-1	-1	-1	-1	-1	-1
