10010001000000110100000000000100
10010001000000000010100000000000
10010001000000000000010000000010
11111000000000000001000010000010
10001011000000000000000000100001
10001011000000000000000000100010
11111000010000000001000010000001
10001010000000100000000000100010
10110100000000000000001000100010
10010001000000000001010000000000
11010001000000000001010000000000
10010001000000000001010000000000
11001011000000100000000000100011
10101010000000100000000000100011
11010011100000000000010000101100
11010011010000000000010000101100
11010001000001100100000100001000
10010001000000000001010000000000
11001011000000010000000001100011
10101010000000110000000010100101
11010011100001000000010011100111
11010011010001000000010100001000
11101010000000000000000000110000
11010011011000000000010001010000
00010100000000000000000000000011
10010001000000000000010001000010
00010111111111111111111111101110
10001011000000100000000000100001
11111110110111101111111111100111
11111111111111111111111111111111
11111111111111111111111111111111
11111111111111111111111111111111
11111111111111111111111111111111
11111111111111111111111111111111
11111111111111111111111111111111
11111111111111111111111111111111
11111111111111111111111111111111